0
1
1
1
1
2
2
2
4
4
4
7
11
12
15
15
16
21
24
24
24
27
27
28
28
28
28
28
29
30
39
46
104
204
433
608
843
977
1261
1766
2337
3150
3736
4212
4812
5328
5766
6284
6767
7134
7382
7513
7755
7869
7979
8086
8162
8232
8314
8402
8549
8635
8776
8863
8817
8866
8910
8957
9023
9115
9171
9185
9268
9327
9375
9415
9468
9496
9515
9529
9552
9562
9581
9594
9600
9609
9624
9636
9646
9652
9660
9662
9668
9672
9677
9681
9685
9691
9691
9694
9696
9700
9700
9701
9699
9702
9702
9702
9702
9703
9704
9721
9747
9776
9798
9820
9846
9868
9877
9883
9888
9897
9921
9931
9942
9961
9978
9991
10007
10044
10112
10167
10194
10209
10239
10275
10321
10354
10388
10431
10484
10517
10552
10595
10635
10677
10721
10751
10775
10796
10827
10878
10910
10946
10986
10997
11013
11044
11067
11094
11125
11165
11194
11216
11252
11296
11348
11383
11425
11447
11467
11497
11525
11547
11567
11588
11607
11621
11632
11646
11667
11679
11700
11704
11724
11754
11793
11821
11848
11860
11869
11874
11888
11895
11909
11917
11925
11928
11941
11956
11979
11988
12018
12048
12065
12088
12123
12170
12265
12420
12676
12864
13099
13382
13658
13973
14286
14673
14931
15195
15502
15936
16295
16603
16886
17124
17346
17598
17786
17975
18133
18285
18393
18513
18655
18796
18956
19074
19173
19271
19362
19466
19611
19720
19826
19898
19953
20004
20102
20212
20307
20355
20428
20468
20491
20584
20652
20705
20757
20804
20868
20934
21028
21088
21126
21187
21233
21301
21359
21423
21518
21559
21621
21692
21742
21783
21840
21944
22082
22148
22198
22292
22364
22460
22566
22659
22756
22857
22936
22982
23080
23188
23305
23377
23495
23594
23665
23778
23906
24068
24234
24410
24602
24804
25021
25296
25601
25962
26264
26519
26839
27202
27751
28276
28762
29176
29651
30071
30564
31073
31673
32232
32831
33411
33972
34625
35269
35941
36869
37871
38551
39399
40453
41447
42485
43511
44583
45475
46297
47355
48310
49523
50627
51573
52359
53388
54414
55354
56356
57140
57781
58766
59438
60246
61078
61711
62306
62928
63347
63855
64390
64886
65371
65918
66414
66780
67131
67504
67884
68199
68603
68972
69374
69707
70223
70702
71147
71572
71897